cam2lidar:
[0.4940    0.0061   -0.8694   -0.1338
0.8694   -0.0154    0.4939    0.0959
-0.0104   -0.9999   -0.0129   -0.1029
 0         0         0    1.0000]

quat(w,x,y,z): [0.6053   -0.6169   -0.3548    0.3566]
eul(yaw,pitch.roll) :[ 1.0542    0.0105   -1.5837]

Eigen::Quaterniond cam2lidar_q (0.6053,-0.6169,-0.3548,0.3566);
Eigen::Vector3d cam2lidar_t (-0.1338, 0.0959,-0.1029);

lidar2cam:
[0.4940    0.8694   -0.0104   -0.0183
    0.0061   -0.0154   -0.9999   -0.1006
   -0.8694    0.4939   -0.0129   -0.1650
         0         0         0    1.0000]
quat(w,x,y,z): [0.6053    0.6169    0.3548   -0.3566]
eul(yaw,pitch.roll) :[ 0.0123    1.0542    1.5969]

cam2imu:
[-0.2846, -0.0102, 0.9586, 0.1316;
-0.9586, -0.0010, -0.2846 , -0.0471; 
0.0038, -0.9999, -0.0095,-0.0379
0 0 0 1]
quat: [0.4198   -0.4260    0.5686   -0.5648]
eul(yaw,pitch.roll) :[-1.8594   -0.0038   -1.5803]

imu2cam:
[   -0.2846   -0.9587    0.0039   -0.0076
   -0.0102   -0.0009   -1.0000   -0.0366
    0.9586   -0.2846   -0.0095   -0.1399
         0         0         0    1.0000]

quat: [0.4198   0.4260    -0.5686   0.5648]
eul(yaw,pitch.roll) :[-3.1056   -1.2820   -1.6043]

lidar2imu:
[-0.9741    0.2262    0.0008   -0.0203
   -0.2261   -0.9739    0.0147    0.0175
    0.0041    0.0140    0.9998    0.0642
         0         0         0    1.0000]
quat:[0.1138   -0.0012   -0.0072   -0.9935]
eul(yaw,pitch.roll) :[-2.9135   -0.0040    0.0140]

imu2lidar:
[-0.9741   -0.2261    0.0041   -0.0161
    0.2262   -0.9740    0.0141    0.0207
    0.0008    0.0146    0.9999   -0.0644
         0         0         0    1.0000]
quat: [0.1138   0.0012   0.0072   0.9935]
eul(yaw,pitch.roll) :[2.9135   -0.0007    0.0146]

